2767052
3
41865
2657
4671
11870085
5907
5107
960
1885
77203
13335037
5470
7613
48855
2429135
6148028
5
34
7260188
2
12232938
15881
6
136251
968
1
7624
18135
8442457
4667024
890
930
10818853
865
3636
100915
14050
13496
19501
28187
1934
10210
15931
4214
43641
19063
4381
49041
30119
256683
428263
113436
11
5129
1162543
37435
2956
24178
1618
22557272
119322
6185
10917
4981
18405
128029
22628
11735983
375802
18490
11588
1656001
99561
227443
14935
38709
5139
1381
157993
7445
1845
1953
7677
370493
32542
1617
6442769
21787
231804
6186357
1202
2998
320
5297
13536860
17245
5060378
11857408
7244
4137
19543
7126
6288
18710190
9418327
3473
9416
24280
10572
10441
15507958
168668
6900
2187
24583
18131
7763
38447
452306
7604
37442
5358
7937843
1420
234225
2612
11084145
332613
2165
4395
3431
8127
3777732
62291
137791
10964
12296
9460487
6892870
18007564
5043
18143977
8664353
976
17333223
1217100
2865
4374400
4989
28186
5526
1582996
8852
15241
42156
23772
6310
2120932
2623
18512
49552
7736182
15745753
13497
7735333
4407
149267
6400090
11125
6969
15823480
227463
1812457
4502507
18342
7144
6514
252577
52036
168642
6304335
7171637
39988
9361589
37470
24770
10664113
33
12262741
472331
186074
3228917
153747
2728527
5759
301082
11486
12691
16299
6411961
6339664
11505797
5326
43763
10507293
6853
6493208
23807
345627
40102
6867
485894
561456
9969571
3153910
21996
13572249
11127
3609760
60748
7869
249747
6487308
4406
5886881
5359
228333
24213
2156
556602
43615
9712
439288
17802724
1898
10592
242006
8908
17212231
47281
13145
10614
66559
2839
30183
36072
1622
4588
11387515
233093
11235712
16160797
6068551
662
49436
13023
1232
7631105
4865
480479
19486412
24337
3876
14891
13148
21853621
6334
366522
12873
18373
6952
1103
22034
49750
29579
15783514
30118
29056083
11614718
32499
17061
12067
70401
16181775
3063499
2122
19691
76620
10335308
3591262
140225
295
9520360
10644930
4948
135479
2493
7933292
39999
4900
7812659
52529
227711
10583
5203
1215032
33724
6752378
14748
3412
2213661
13158800
28194
4894
9791
13214
15818107
8755776
13526165
10365
14497
9717
16068905
4473
32234
9275658
14866
2318271
228665
10916
65605
2153405
13596809
6689
13137
13
6280118
32929
7747374
1371
13497818
24192
4138
45978
236093
121749
16143347
11590
7745
10025305
20910157
12996
6149
3236307
78411
355697
191139
16115612
7082
18254
11149
6936382
113946
5805
2203
14995
119324
22232
7090447
350
10176
6319
21
1852
7864437
16793
33917
8667848
11297
5168
6567017
1241
2282133
8520610
233818
17250
50
68428
51496
7784
389627
7896527
2802316
46170
3367956
343
1097
3950967
22328
10799
391729
10534
11367726
4980
627206
5826
1842
9375
37781
33722
567795
7190
6948436
3975774
6327
40440
6479259
5996153
3478
8683812
862041
16248068
119073
46799
310612
92303
12127750
34497
4929
28877
41804
42899
7791997
6482837
9777
18079776
6469165
3869
7315573
6320534
830
51738
99107
9736930
102868
2248573
56495
676924
47212
50398
16101128
10920
767680
42155
12220
10692
20170404
18774964
18335634
1078
2784
5364
1923820
14758
659469
297673
37415
41899
17851885
45032
4069
237209
14743
8492825
7069
78129
2932
28862
18122
43889
6837103
5113
29059
4934
307791
7670
11566
2547
15196
2866718
7967
11138
29044
4953
1295
3685
656
28676
38980
7061
138398
70535
11422
27523
18635016
7938275
1869
1358844
233649
6534
23919
561909
3590
16735
3985
4268157
34268
24768
11275
79885
49628
133518
114683
9593911
17231
110494
34897
7733
12957
52357
59980
24817626
1044355
8490112
17878931
12609433
386187
15717943
3008
51737
84119
6527740
77767
144974
629
8909
162085
231850
3109
15790842
3462
107291
10987
117251
10603
10956
140077
32261
2175
378
7235533
140082
248704
68429
25041504
10032672
59960
13152
285092
15925
46756
1274
33313
7669
19380
84981
10629
197084
222078
13206760
69571
10637766
6101718
13615
3682
256566
15769
16056408
58696
693208
117833
13642
357664
5148
5349
3836
45107
8695
7740152
19321
65641
2767793
68783
40173
71728
8755785
310259
10567
16158542
7332
5094
3407877
17690
22205
14864
6314763
8921
11468377
402045
37732
15926
18775247
140075
5166
420282
125507
32682
1431
16071764
170210
10429045
17214
12033455
10959
11260526
76778
7331435
93
83763
84369
5064
1326258
13372690
544891
2696
42149
7664041
10357575
46787
480204
140079
2526
7905092
15812814
852470
1768603
3805
88061
7672
46677
5439
2767
251688
6690798
2744
5664985
18693763
9328
11573
16343
16304
15796700
7494
233667
15731779
6289283
18293427
475339
1005
8337
14201
3463
12127810
2536134
3466
1067
10847
11447921
9742
10569
1472878
455373
2120652
18214414
43814
9118135
13539044
33507
16181
14942
13486632
10589
4687
10605
54479
53496
1430
4009
13747
764347
10988
13414446
12938
12898
531350
11742691
10975
76334
2880
17571564
9539
33600
2233407
34084
2373
101299
759611
77566
5308
179780
7937462
77142
546018
96358
16981
43015
9822
39662
114345
33926
13453029
28881
6708
12868761
127455
518848
5161066
15753740
12578077
8694
17167166
29800
6366437
386372
6644117
256008
32145
8709527
9532
6063187
375013
11337
5971165
92057
23754
110737
21686
188572
13006
9938498
30289
47021
13206828
341879
567616
227941
30597
5211
77727
24765
58345
4134071
10929
32669
30120
7821447
23955
29581
6596
6614960
22917
3980
16130549
4271
15760001
3206011
7770
32423
821611
6224935
7108001
271199
12985
6917952
5096
18302455
9673436
5479
1087204
18812405
16070903
18081809
6262365
12497
6101138
6294
11570
16902
28921
10766509
10746542
64863
1554
5960325
5659
15749186
9516
3087
6931356
1295102
268602
5355
4502877
204042
13227454
13262783
8648
24128
402093
42900
16096824
13584236
293595
6393631
5472
5161
12555
402013
13538873
43448
25899336
139463
22290
1625
12936
902
15839976
3227063
30868
15745950
17332218
301736
10967
10628
126232
3867
19302
2967752
2199
7091488
11989
78418
13547180
305234
420297
27712
13912
41681
2800905
63697
92364
78433
23164983
359770
17235026
77013
98573
35729
29580
91477
15751404
870
64216
7815
80660
112537
43758
53835
61535
4965
32508
667
10140661
8073
6643090
5598113
10909
9067850
51964
32692
6427
327847
21611
10585
7603
944073
114955
7354
22318578
18460392
231604
17402605
10964693
16527
22609317
270730
17675462
547094
1736739
20588698
76865
6137154
17716
43035
4978
18116
16081272
15776309
18693716
11899
15858248
4136
10584
9369720
13089710
11500217
187020
13895
20820994
22283
9420
5091
6202690
9418
5544
6654313
3579
7588
1166599
19089
13496084
5350
30
13517535
425029
11597
7968243
1911
17182126
766020
32829
6398634
216363
105992
90072
15645
11559200
18816603
71811
872333
40024
25489625
15997
6463967
11564
8621462
8253920
540020
6732019
8909152
3090465
12875258
32085
11408650
6854
136116
44186
37741
10194157
15797938
14290364
61666
9961796
3711
11887020
35982
8659601
15815333
43070
1379961
13508607
411053
8698
16631
32263
17572903
68487
414999
37190
25460
20613470
35231
6218281
7214
10965
18705209
26247008
15704307
10996342
4631
44652
438492
91476
10884
15842441
5351
310459
5899779
15790837
12505
365
1809465
22716447
18126198
23453112
11594337
108229
68427
2118745
33512
3720975
5093
13125947
14836
535441
5348
16331
227651
315425
703292
22918050
9419
5890
25735012
5821978
6422
29209
6402364
112750
234184
7114761
5797
4982
10625
25781157
21326
1633
13103
12294652
12959233
19288239
82970
59716
105576
30281
19057
31463
34507
24800
85379
17288661
8652190
17150
213753
706
89375
17407748
57854
78983
1609451
32370
80568
25644601
106
17267
80536
46306
6466909
24445517
31101
77392
51893
156538
11330361
7913305
8650
9593913
13890
21348
394535
12751687
13440
22206
6969361
263145
91478
61975
1081560
17788401
47401
293101
11713
13639050
11012
5941033
227865
43933
17660
5287473
13099738
816
16102004
14249
5204
102920
7842288
12391521
14865
15159
6858
13624688
33456
1301
334123
611298
763362
42697
77163
2052
4799
11230081
65119
11250053
17314430
3293821
6656
48757
13047090
13104080
28078
114954
25074850
26893819
179064
21671
7619057
62446
16690
6642715
6423
13596166
13154150
46164
306654
92517
13586707
368593
43877
10054335
61179
7824322
439173
6578293
13602426
18130
13615258
22822858
156534
10803121
7981206
60792
12000020
17184
10374
1428
62111
133266
13486122
77390
824204
16176440
31360
338798
816953
3273
11901
17309
16113791
24612118
22695
138959
46654
771
131123
6424
5391115
91479
786256
902715
898885
6425
150037
67920
55030
22288
37095
4952
23878
1848444
10587120
17262100
60400
5152478
5354
45112
228296
59219
140974
412732
6468666
11869272
152380
887877
139253
1971304
1421990
31456
334643
7510
10611
112
8855321
18006496
15197
310258
40331
12987977
16213
9557
17465453
8600
30264
196970
2832909
7488244
73186
13888
13083
12914
13503109
17803
227265
6584188
10194514
111450
147732
9014
172327
12930
42898
5413
83369
43369
17029526
15860
10798416
59263
9566
49465
1110
8235178
347852
99383
297249
16171291
10600242
17927395
9439303
85301
5191
11762
42389
22463
25179
2731276
5171
51504
469571
3586
1237398
29127
769483
781110
1914973
22551730
77270
18144124
6295
170548
11192642
360
10883
8366402
60510
304027
64222
323355
813214
17683
18966819
47989
34506
6516450
25574782
944076
20926278
7779
817791
47624
13139
6690979
13206900
51497
13027304
3428935
29797
220968
12893742
472343
1278752
13891
91474
17876
37380
16131484
43545
34484
368468
38990
1713426
16031620
125404
7743175
12700353
7823678
147074
25019
13136
15195
27003
43808
15779
38210
20819685
5157
7726143
5346
22284
11003
28195
599
30933
91475
18498569
259836
37586
493456
144349
16054217
615570
407429
6587879
10414941
6080337
6668467
5356
711901
3320520
16328
15622
3754016
11594257
3464
10127019
8709523
426775
44688
6344097
767171
10073
106134
10619
220969
10757833
10913
153025
11254250
3754026
29547
7996
30474
28187230
38296
228560
9417
7747064
103610
12401556
1255781
5084
21844019
11827808
38501
331920
6486483
29291
67035
28
927979
6465707
85990
18692431
7714
13438524
2146957
363752
3388
15924
24
194373
11529868
44687
991197
187181
321552
4912857
147865
774001
16140036
7723542
20560137
1240662
15819028
16081961
297792
31242
775597
29396
13831
6202342
22450859
5098079
77565
21704
83346
1848
460548
7882
22453035
6065215
112204
130580
773858
87640
147915
348573
11602
28587957
11298
252499
12812550
8682
144350
10576365
1427
1134122
23346377
17728
2454986
21535271
18478222
7046495
17780
81227
242472
13281368
17125
827
164154
7728
4954833
8525590
27161156
113435
35220
21413662
55399
816720
77276
262430
8554005
31336
15158
33676
43892
16180
22501028
30555488
106085
8685612
16034964
13573236
6192
776407
7165300
6976
537296
324277
6574102
29437949
682804
30274
59264
29981
13362536
6512154
6609765
12716010
8564935
130440
22609310
15034320
7675
12875355
5246
5205
27362503
143534
7442
7437
25100
5360
18423
3213286
7912007
20696006
32439
6472246
37793
12658
48328
25373
18545
9409458
607639
6617928
10407279
10579
91244
13667
7667
13812
854757
318431
20707959
122
29999
8949352
220970
26329
6585201
773951
270805
6440
86663
32506
7719245
7351574
13127599
784911
10305231
2195464
8680278
6480781
136782
21745
95617
8726744
14817
6452796
162898
106069
298275
1846
5217282
3507
12287209
13662
3475161
608474
967494
31338
2402971
766955
1412138
9378297
253058
310146
4929705
248596
11334
318525
227571
22285
9534
7704143
505304
5196
37677
13188676
568645
285205
12216302
17204
38743
6759
18297707
530965
9850443
6905012
6693
68591
18521
1268479
42038
8492856
23437156
17020
104189
23734628
10235
18149927
9579634
5187
9593
7661
13376
27494
114159
32067
10079321
1171
1052
10915
189802
53764
25893709
1158967
8058301
36529
10412
44659
40317
41684
27266
11413
342445
21104828
15811545
9010
17200687
17799
9592
28815
32559
232576
20821087
16433
7507825
82748
338691
9300
12557
943402
12971616
32552
5454
32435
7664334
175510
34494
11710373
7402393
6324090
100464
357
22544764
22816087
16278318
6736971
209194
5352
139069
23220
27833670
23174274
5310515
2666
23899174
131359
207153
14061955
465226
6050678
13153
4499669
14756
263050
4866
114145
77262
11561469
6485421
14554
276287
27252
6259
121127
7243142
6346975
5176
33668
2179276
858719
12680907
6604794
34504
17617277
15729539
337113
272895
13600318
65111
581409
11381643
187633
91767
11918
8705784
191113
17347389
264
264158
99300
26245850
20317106
24813
4325
14568987
248483
18749
105578
23209927
11607
68210
2794
11389875
8428064
22590
15575
32418
395871
1466455
3575676
5174
10626594
18966806
201341
23848559
6420
13810
15505346
8492768
5509
13055592
41716
2168860
1282954
5047880
2292384
12615008
160629
162089
91253
98427
65118
330744
226162
6134826
12849385
2161733
348225
23751850
4008
18419
17306293
8357992
454856
84136
2029177
111180
9844
96647
58027
17876893
29946
6381205
17623975
1661957
7170627
270804
760
10872085
773038
79790
13835
13132
12543
8835379
6581511
216443
13837
259538
129603
18641982
9496240
14064
150739
455925
37301
84847
16703
13642950
474858
10428708
33514
12948
6066819
50027
100365
9572203
166997
24937
42607
95431
15638
12609
3128411
8709526
6050298
16243
15799166
17910611
25099
1000751
2743
17855756
13547188
10588
7304203
3613997
13324841
18310944
13569581
7137775
93007
9915
875441
93101
7093952
18467802
9301
41811
17800
232109
3432478
189783
7741325
17333230
826584
32421
4143
34517
17303
69242
401514
3679
13360
59829
645023
8492319
7119070
6566722
18607805
4659
25350
6687
826585
567678
10112885
10211494
16085481
51428
344262
2702704
22744701
24120519
3102
102458
13643567
15724396
54499
89717
18864
8253
31122
7933617
6048530
38500
159178
6587387
31259
68488
20821111
59810
30659
34262
475
41219
2753843
19668
93981
19581
65110
25
65112
14241
15985348
24830
15852756
17934530
11479285
58922
8520362
5345
10617
17568801
761732
11331421
8935689
759945
31332
17337562
768889
180617
9565548
833253
249
3086160
7952502
18386
23995231
5306
10950924
2890090
113304
12983100
14996
42603
1840511
13140
5015
185911
83674
4494917
4588949
13507212
2921082
603204
690926
857502
186190
11991
7572
6138
374233
13521
815309
64854
6531
106264
3554772
33454
7857195
7015403
28214365
6267237
133526
17340050
10566
15851746
400354
495395
42432
18465657
40493
15811568
78039
2985500
13872
1540
5527
5452
43931
187065
11600163
23604559
7959473
13588356
17333319
45162
40189
37186
10163292
762806
15781725
25346
23219
13563669
11925514
270807
43330
6539
93722
19351
1254951
19330
11650
24453082
19486421
646462
476543
2845024
6433752
34532
5190
16130291
11768
15309
762053
2241059
7746259
9583508
105549
598160
24861
9590
282282
19030845
99298
6597651
92308
9627755
38619
17255265
43944
395233
34499
29801
22374
20698530
23153154
2138727
55403
22055262
3398625
15704459
28249
6693332
6977769
662597
74532
41193
24780
2355575
770051
77156
62953
11966216
19117
113934
9684523
2722413
108942
2152
21965107
7023554
22543496
12591698
13454149
1375
16992
6882
56373
11607446
2586771
44184
9814682
132336
16148398
1651302
15717876
9533378
22076
77507
286957
17136
628139
12499290
18189606
7907803
174703
127823
165030
18050143
28260587
169848
26025580
16790
12820793
4985
16141924
2279
16130
7788
28381
24920901
26074181
11007587
551876
3099787
8204005
13143
20803953
10104
76171
14250
239399
6150
887201
18943
4268
25494343
2325825
76683
50798
587582
89723
7182899
5056084
22188
149572
15823461
23692271
9902804
10805160
16001893
569564
13651
935308
7933437
32424
21436
80674
28815474
11563110
17333324
5038
4122
20758175
3412815
295961
30273
1857440
17349
6408862
95558
227603
24784
141565
17888952
61115
17884042
16322
280111
10993282
110391
68378
5517
40445
34993
25837341
17131869
231562
20604826
193755
13538641
25387351
10538
7159515
4912
39020
22489107
361459
381421
14940
1128434
17841
270067
21445
153008
7501962
11746513
6686092
672493
9659607
462033
43916
5453
34527
7822895
29981261
9370
5604848
16134782
13128
19448
27
23228
17349023
3393124
7778981
95186
13813
16640
3570231
24687
41424
6604712
355917
13637412
10429092
7137327
4806
232145
14706
296662
45108
3217221
6043849
73062
30241
46165
11797365
30263
25852870
6988014
597790
78427
61549
234724
19103097
10979
24335
13641208
6944032
998
5267365
14318
26
9500416
43326
8248
18630
24384
21343
23940
313605
16136959
25111004
29639736
15724654
11250317
29405093
99944
431
89763
5114
7455
30244
12321
108077
497199
10215349
5632446
31340
22319275
15814872
13056159
232123
10596
25101
13130
54539
13644052
13839
7930335
6746018
23125266
325128
85431
180066
12900174
261240
1715
11206
77398
9680718
93263
27126
12716613
21718
292408
18989
99085
13253276
712313
6520
72159
1829709
45109
204276
9681098
91981
9522
71776
6828896
542414
18712886
3552023
46777
455930
1895792
24378015
15818362
76237
79378
43893
92147
22571540
1537534
45195
19549841
26046
49824
2903736
73968
858513
11808950
21484
12341557
68527
81948
281235
66678
11947829
10822858
23876
3992598
1297985
25526965
3684856
69136
49195
59952
6697305
6950688
455941
58077
1991039
407234
10912
294963
9888775
18600
15784909
205330
2255
12781
6178648
866222
17158596
3860977
91661
356321
8458018
6316821
6834410
16151178
9517
64217
149302
1314332
6728738
104378
18080920
43887
129650
9876989
604803
88815
12432220
85386
56627
400412
201146
206172
34529
62530
28876
444304
7497897
1303
41667
3392089
5861926
85437
46945
111332
76401
128066
16033902
3052106
11557
22522805
68494
4070493
2442
721012
117
772852
346087
9912994
222458
8584686
49353
2715
31173
10552338
34502
14740588
6117055
392297
356896
3758
83144
11346
17999892
7148256
6642402
105552
10607
15719
26722
13330761
19494
133664
13162
6443834
4004
383028
231821
13529
13359067
22369
12177850
16158558
7198988
25734248
6255144
15820748
16069030
71332
17465515
70539
6406018
15803059
14839
118944
1335184
15990969
7141642
18525
84145
6614
79379
180116
30246
30242
19286669
9597
10155
34511
60931
8282
525488
17378508
43945
815716
51019
15783307
7540092
8647
10128428
748862
9917938
13131
40395
17262203
77770
19596
5357
24244
12022079
16117506
127459
5197
178357
24820165
7415016
857448
18144115
393199
6081685
381102
14061957
3503947
421549
13152194
743599
15654
3054684
7668
136167
7936809
10065
7274337
15861491
56759
8732
498389
5159
119091
190361
9268487
1248179
13830
8680417
9303
34501
50365
22738563
8087906
4135
22320
21936809
11525
355916
6667
10890
184657
13836
30013
56728
18798983
6260997
10798418
18243700
2807199
29394
334176
10910
20727654
6023056
10335318
89724
56405
2761626
216442
17262159
183656
228630
5167
43884
29582
10058
99111
112803
2265
45546
18803640
21423525
66695
6393082
6218007
182425
34510
12513614
81959
2082136
544257
23278537
13562049
17333880
19675
8592946
156427
45100
148337
41977
23513349
5720
16788
8196732
20518872
48002
154798
227593
52309
1858013
12891107
12160906
187811
3047849
4898
6431790
8546358
815234
27239265
33453
18104607
77711
6709
19469
413158
6448470
9809
11096647
17905709
26582
6114607
10882
9758764
395922
73070
13707738
7227174
14662
16183
332775
10800916
452157
9462795
7739934
67238
23745132
63720
1524173
639864
9595650
1325218
26109394
27323
6316171
15283043
3873
16131032
5932
382549
1062516
18414
1099301
18053060
16429
7048800
6588
533465
18813642
226709
6690
9160695
19351043
1192
6537
84736
15055
16139641
19427193
25051
58962
18505796
120230
32504
41821
6393047
7742
13570
8962
297627
169756
3819326
752900
6342491
821056
38333
19358975
20263040
15994634
4979
17667452
25893693
552894
23664710
18428067
13496738
13414676
1672727
16001443
1814843
49221
22416
13833
8099187
6387565
386286
37743
22609391
31231
3147367
15842230
16065004
17262155
30633
20639274
11010251
10505
18765
13326831
17908462
13628209
13829
8788554
18039963
9615347
9912
30262
66693
44597
16286
189811
402014
20821614
13618440
1205297
9284655
105
20821284
7094569
3476
77394
75024
89165
4836308
55401
17983690
78982
2315892
18635113
154424
8171378
20706317
13623012
11366
937249
71865
6514074
18140047
10776793
27071490
7237456
3410425
3918010
408615
6686101
5344
16033842
3722183
6681454
46202
667985
57891
5126859
107301
18667945
2485785
188230
6070950
19670
17343
224500
15676
93794
490867
47558
13147230
1319
13223520
11438
104379
10790290
17286747
218467
114144
31548
18879761
99110
32527
153542
17383994
116296
7074000
10908
16150830
3257136
16248113
30259
20821043
6604209
227729
6545536
808853
11082037
500503
17331349
13436373
3110
92121
18144053
3220405
421129
4005
35519
21418013
17380041
21412202
773276
13522285
6389704
138269
30248
119760
16099159
3483
18498558
12476820
72223
17802747
3047850
184655
395090
13223349
33457
46438
6534932
240976
479415
46191
3047851
1225621
433567
7728889
3798703
14142
537070
64218
25102
9302
16729
46601
16429619
42933
8573020
34498
10762469
66354
23454
9219901
693016
96123
7263429
20564
7334201
407813
13570854
10661081
121732
24113
153780
95819
8953
15790873
53817
10816297
74389
17733898
9838
833710
4703581
128759
4345498
15748898
124918
7201913
4983
91248
216422
13578175
2906039
201114
552887
27822
13138635
2986865
4538
7933615
11454587
32979
33810
325421
10911
94803
6219656
58822
74824
7896345
9833184
6479550
25152052
47990
704043
32071
8155
15757434
15791154
22200
24472
5231173
81922
7058405
22649
23481669
88071
826582
18593175
9298
17156015
43339
77366
7723
218357
3049
4921
214614
6419
56454
9570
92163
43328
8718952
9395215
17255435
586472
129645
32255
33441
899492
7362158
17565845
13146214
24096
217432
17920175
1375896
23305614
603422
105551
2517
78250
9509287
193093
213647
19004663
2223324
16791
229123
13623150
84839
40745
5972040
26435
2527900
210329
23754479
32446
53625
3975186
9595
38315
14975
7493
76679
6919272
16142053
7619292
56034
732562
240130
163977
23814
12647642
25105
3934321
3467
5954
25106
17199504
31250
175004
50833
12657
4954
3438000
201126
6339989
673657
7076706
13147
45252
322351
269322
6335026
22522808
106590
1811543
3698
16062211
6541
77430
969275
89187
7134202
8205669
6054449
14384
10345927
28251
17383934
3465
24781
9462812
77295
2159
426504
37304
4625
50033
43782
6570502
24228353
243705
183660
9594
13540215
17262366
41967
34919
65840
226378
9943
6862
40923
10222
2211221
17448960
20819682
22443261
42172
196613
12299419
899962
2054761
107779
2836109
18114060
11691
6348045
715834
1127996
359410
11737271
13133
45169
15937108
6421588
139417
777211
6781956
157076
954674
136081
304079
22716194
175983
2029927
261122
13834
4922079
385706
9279177
32525
15567
2498983
2200877
9761771
126381
113429
9595620
14383
3313418
23093367
18528454
16071701
16099180
6224826
801178
7039
49350
13612739
34541
6388558
9601
120253
7726892
550844
91357
248787
239186
23341607
18839
2410506
298230
26050
6339304
2299110
6135237
171102
3657138
775346
3165162
2133795
4452257
13151
2750180
634583
11401915
13588394
25614492
16319
119
8379374
189182
8274537
8252
7108725
17345258
25354
9464733
4699575
4035
22299763
758153
333867
24431
15839984
11289
3977
920607
15704486
10873
5664022
24580
15701217
74731
4708
27037
23602562
116012
16138688
13402447
7897478
2247142
8662836
390711
28866
4634266
16131077
1128178
24499258
18170143
2321296
6621287
5347
206962
8
103983
43930
45101
722864
126507
20578940
12962439
7091370
5181
17860199
228258
7015635
20316309
263147
16044981
28689
76104
176839
23156040
28250
97782
17202452
45102
15990489
13154952
282356
13928
556511
37738
7155145
34053
78508
4477
7779059
497164
690866
23638955
2595138
823
17287028
176327
149847
6909544
284440
31818
7805
89788
5338
18007533
7557548
5212771
16120760
13597728
24388326
30260
213367
12813630
13079
23492741
12987640
2295829
13545075
6751
7005865
43781
18739426
11987
16071745
12204
19547856
383206
12558285
153540
6174
500743
32831
321577
457762
9542439
8437667
818811
15154
841628
78876
219205
50937
47994
7769
205476
3047848
32501
113138
18659623
94319
68811
20423680
23009402
13320466
16434
226706
228696
12857
13413589
59145
3522419
31426
84151
9086994
12351649
6687247
1470232
4796
373755
22510983
205821
24950845
139855
68396
2177236
71252
25103
826845
122967
81939
29641
25205422
739840
59924
1362
17798287
18402
46544
5292853
5356711
133430
6261522
6870
36071
28541
595375
6428887
328854
714902
152519
8519822
8255917
16070521
785092
12866426
16707
15739018
10464963
8680
18007535
8428069
32258
18143905
6613956
15835685
17349203
20898019
178476
18711993
89716
6723348
17378527
13152287
6538
448873
235718
8874743
18003300
6515834
85392
7948230
46199
439275
12425532
84140
110444
80566
203220
16169737
49540
164531
26245853
8785374
8559047
5128
315519
25817531
13495034
5180
38169
184661
1238684
284996
6780439
18138189
5355136
4264
31343
12700306
106393
402843
25489025
333538
15985373
5206937
51299
6441509
781046
40929
24983
20767918
20342617
110694
34452
20881071
84699
6871617
153784
1162022
3061
66692
16249
16052012
158119
67
38462
856917
17333227
12749
682920
30245
149196
9634967
32432
6547187
1434105
2334751
4110198
51070
31196
47559
14498
4447622
17143
27000
16113737
26252859
7039218
24911006
509784
371787
65497
18666047
78987
12652457
53022
153800
627984
3831279
1215290
9555
218427
15014
25669
30071
13615414
53645
34492
22327
16033906
783291
41913
91953
20454672
17880708
2195289
17157
161099
7600924
18209454
703
144977
201345
7801229
691520
17461
14316
22686
15171
43325
4820
435045
6462
22323
7569223
1728744
13638570
8965
104089
8765
78950
415
173526
93728
429138
140963
1237300
21094993
3686
13369678
35743
214332
7544603
248484
194366
23522
401679
23577
597
26827675
9589
55398
6662883
6667514
682761
85459
6361871
13644055
30271
22435
31099
6202318
380975
11507
27528
15793184
6289920
6600137
4961048
21717
300225
352921
7156505
13353667
9465845
29501
1902241
7592279
24812
23686
2815590
94799
12007
17267122
115076
92143
2479827
5941233
11741
511614
119389
747746
38262
175675
35921
3272165
80642
6891433
24094
8135807
6748
98413
298567
32257
6250169
11071466
381704
17162
14118
22836957
25104
2615
765281
153795
1821571
10560331
15778138
17286958
183822
173673
18656030
353814
332631
3475268
19793
93426
126609
9409469
1362193
7904429
31623
33443
9729504
7247854
52635
17704903
6457081
3558003
39031
498641
12191246
20620995
9820
9440448
13497505
106835
2095
9300768
1001896
5296
42058
22557520
1966969
11734
16303287
409918
13312527
14096
50144
123543
129619
7095831
385742
85733
9802372
325085
4673605
12651
3002300
53447
110331
272315
25242224
1629601
6578507
10790277
657371
10836728
44170
2241558
6261961
7576115
17831614
18077903
91760
11580
10785687
29925
2712967
151370
598159
8701129
792161
336161
21685
657034
12820360
16248311
15704001
15768191
39030
8459594
140302
10
30016
114230
23512999
9835731
76658
4902793
43324
25378
7797
331319
4645
673252
9503336
22896
13536649
9475
23395680
140671
42986
37034
239810
5061675
9827
8811134
24422492
327255
10990
9681214
36086
9297774
18353714
52372
504420
5182
40067
1168341
15595
40200
4701
8709524
16255
100924
5510384
7673
11100431
93261
3863861
9436746
922991
32441
64948
6777616
32422
634407
48464
138396
3828382
46815
7468160
7505716
6547188
11505008
18500665
36315
82192
8138071
160149
15015
23705512
7926569
268601
16002136
11312
6375845
11299
6405929
53498
73864
121927
40425
127586
26023
74998
17650
2679633
1388813
542639
1611988
6424184
125963
347610
10830444
12283261
10059498
9635657
10138607
11093329
33808
9761778
116020
6236809
28678119
37426
99894
884288
2003625
169875
13330603
7091713
17828418
3173558
12099007
10776592
22571552
81779
11711
76867
80670
58098
26236956
30228
7060582
320167
10047589
92780
12842134
17876897
203805
12605157
33458
154091
29780253
18553
107770
3238153
77554
838917
1087075
124509
135611
9282
4570768
56073
106076
7821828
76664
857501
11861062
1611656
38787
77391
1779929
43928
34080
22875451
861326
9531
531989
2071575
28634
15793074
910863
12083
74928
228261
123106
4692
21337
122125
867247
281433
573201
7098304
18108281
21031
365990
19068
11198480
29802
14990
171547
306364
900065
349473
286507
2693801
7202831
68520
59969
544424
475276
226791
6411016
2159225
37526
19083
522776
174834
29430012
6792458
32585
18465852
11112619
64865
3289281
3134981
359375
17402288
22544024
85448
51606
32502
4909
5489684
9307674
414895
7600922
182496
356373
592657
28547
13049981
29354916
568454
41810
18431
16718083
16277248
32505
275000
5509920
46190
14595
29632984
833549
68418
30225
237320
1675216
26192467
682745
59978
68458
6697
82747
8306745
5201089
25816688
19346451
387749
9646
251519
18635622
7747263
16109563
6613
949709
28233082
1270615
7324659
3562
113205
676737
68528
64582
16982
13722902
10959277
1713912
6538757
11366397
84777
45244
7035
4570679
16240761
84132
33455
26114135
16101126
353
3895
7800188
12902549
6167746
6365221
830791
26891429
91249
5508
395962
22874559
233691
52397
11872242
13151129
687278
9999107
659612
140131
60431
608287
13573622
9503
13547381
641604
16131489
744615
426825
24876258
23529
86321
65910
113310
1499952
161887
127584
357636
12394068
17411703
19288321
31979
5152561
11227041
32628
29
1918305
231
25564665
73089
59830
32430
17204568
187812
3609763
297135
64023
517188
138202
13477676
39963
5575
514313
18465566
13184572
1883838
4957350
15568
22843341
14376
5695
84144
49455
8346300
85987
18301124
288644
29430013
789344
138685
890143
17910054
13325079
99315
77160
2094
117047
59822
17834834
27401883
16435
2866413
7171876
123598
28449257
111218
4656
425123
8957
217436
78131
15768409
3882
2145681
40290
16697
146274
6631792
10327303
18298225
25153134
846984
481446
11709037
72854
1519
17167084
347656
54984
111222
747061
8163722
6315602
15019
9413044
3400816
1426
2548866
2936415
824062
9923372
18660447
161426
47613
9166559
852460
6006518
103342
6013511
91714
609870
7171856
23212667
921651
28449270
228063
279692
77505
28691
45685
18630542
16134551
327246
6572
24137
613283
15547
68984
31341
10816908
153785
18170039
816870
172732
16090636
125956
6437061
857445
63033
11300302
6801582
59151
594361
11198312
266904
7164343
112754
12722468
19101283
6839093
785453
29187
7743117
331256
2068676
182381
11761
50140
200572
6368610
13448656
20980987
14288998
296302
95406
36
215543
31374
7194
248482
93724
21456940
105999
16055
3378
23168277
16305
17375956
164542
12326644
292275
1298205
22698568
13256064
8724779
588369
99664
31337
832543
7036
16158535
25558608
556136
227454
803171
9410421
95887
4600
342504
2277444
2501458
101911
234501
16282066
880
25066991
243685
13235
39542
672875
196764
24782
136637
17529
114166
2169506
125955
6758331
4601396
16130307
5693
7648269
18999
11433
64481
79705
192893
24215
737957
11922
85306
2277378
10444
93000
668
20443207
18282800
76889
2202049
831194
6065182
17562900
17399160
17830123
59821
159760
68526
162719
16122643
18404427
238360
911579
9567
15858
21969786
293625
95621
16158596
2804776
20701984
16140408
30069
22584
95622
73385
7157310
22632
1149440
261243
2918374
5776788
5556466
17717
89399
52258
9662386
6319978
70420
365006
2218252
16101018
93729
11281852
3181953
88077
32507
17234658
828084
45245
119382
13537891
530848
10639
30324
6413193
9784
31106
889284
12799058
15957
96593
13565914
7723797
10954979
10108
3717
570172
61181
7766027
17880714
23398625
1031461
1220507
15734464
15790883
294042
2199587
28763485
23717678
38180
22749994
6257535
20764879
65948
9833
2815949
31100
80570
9355
6380822
139220
241823
169879
56452
2467566
54270
31098
4201106
12951824
12368985
783127
7150174
33727
8537327
12995284
13323842
349254
37875
7099273
86643
89284
1429082
73086
7815744
12358
34898
18505832
141526
32416
238126
6696602
2149535
5933841
10914
6945530
86147
16158519
14755
1894269
6337006
858037
51799
9893331
25010281
13530981
1767779
40223
5787
18134249
2054
2050
24779
6289938
508903
15993374
12959086
17032328
20170296
128756
313631
1137215
165395
12588363
18225810
536982
15566
201342
22886612
845977
5509321
257845
653396
17792606
13538552
4835
16058610
13450339
83143
17910124
18723
18079804
53639
598117
11337189
1970449
6582637
8475505
32254
73297
24814
12413836
10033
1128437
27333
13452375
23215469
10343389
18505784
7826116
72536
79422
3157876
643301
261331
8680418
17456328
12954620
244383
7005479
99329
80176
22717015
89656
156533
15096
63032
2748
15799936
93947
14965
8960
14185
23128304
9598
8579016
181886
398323
51078
25451555
206196
102733
207569
46227
470495
32433
13554713
43886
26114
12326627
377425
11313
225774
211099
1591
5983057
12444166
15062217
9165406
85957
13521459
85443
13202092
7093222
18656006
50930
2113410
49006
57727
16045144
616678
133765
63461
84142
474634
281512
8069535
3764
24731
6368611
27209486
13624367
34534
771332
42369
13481275
18244799
15705011
345299
17332969
9666812
156530
867248
30253864
317282
7983
43805
283494
4932435
32650
11660590
10037
46656
3832
8581936
92855
7945049
84785
6604887
90192
295086
31845516
6449551
11337912
318742
45220
8069828
6080822
25690958
275
13350
16033909
3690
24790
20575411
34988
28940
26192646
110384
89755
33547
3648
23281906
32530
29154543
8045080
114206
781182
20706284
17689
18108877
9591398
11970096
14781501
30068
14897790
12617758
128752
16131025
85958
206682
16634
13366259
85418
16117804
48132
174403
11449
30065028
11574
1999475
7992995
14570
590552
64862
11947156
99296
222576
16071748
15981894
14905
20697435
9266776
30240
376514
37737
11946245
12540
61663
17449417
64081
2251306
215539
7347109
8435445
7150178
3474186
519112
5186
12395
4527502
16130537
6566616
3692091
49158
21362
38568
248682
144790
825508
27001
25698
12872236
6628
519048
542389
6419566
191170
1624
2475251
4066312
9972053
31862
5739373
12758317
433533
68143
39033
397860
8676
7122034
11395597
10193062
18594409
37847
9832370
372638
10874177
3018539
58889
16431
27406704
44361
210834
508413
15711341
77378
319644
3116205
44255
27398
16099189
13642929
226004
18288
16298
926908
153193
1305
137098
385228
22934446
468070
22914448
7863423
16247792
5989573
213233
15748335
19095025
6441654
49176
18966322
7186
11942639
206309
49250
7981456
8811139
28477789
189147
114132
12967
106646
201175
161744
54529
3338544
13416236
7148931
58314
17314410
224410
207266
13435889
149049
98920
17237214
5171894
21726
336245
543339
153779
6122735
426025
5883777
321545
233389
84139
4935682
5558786
5396496
207781
17171909
26583370
9799
379316
18077769
277190
11101772
251762
182012
236208
29254
6530
1279686
291354
32638
715791
2653622
17660462
25564446
3585344
478951
16119079
22341276
10098912
12467
35100
646056
86424
7783920
37739
7954556
9897164
6202661
2213324
25190
3389671
26596
1635
20663702
7096123
15730101
373915
6819
21219083
8709528
5983694
125190
9442157
20525628
1407874
28116
15811495
126807
9751378
23553419
17899696
2873
15797397
225038
7090785
7180727
825081
368916
5153799
14572
6686671
29868610
24429934
7307795
107032
16085517
6871616
129117
32626
294046
33333
30122
56842
7132363
92508
1772910
5215879
481749
1693617
31168
114129
9569
22237161
21325
28077464
9578677
11301
17733861
15827066
73945
102953
12880428
867650
10875239
3974
773606
6694937
659622
10599805
124524
93768
7856305
148821
582533
40329
25454883
9565045
33609
828387
22693182
125925
74256
18867685
42512
92367
568236
28899
900
64864
8476248
6443349
11720382
233044
239102
93788
8967
7144426
27252717
289644
3121162
11544421
9970042
18453095
99610
2855034
114162
456028
10680329
17455585
1717890
32769
6340016
465904
6596547
13489517
107195
903
277397
22904
1059680
260025
48467
220826
187124
223838
10790516
515905
2260637
2659997
11178225
2182780
273511
18176747
11051889
228990
2063563
18527947
10909804
3492020
23534
19161852
13568322
67931
2113260
33569
6164358
10149142
10907
7147831
8517008
18728
414298
10739
87346
4835838
7329
9461872
349090
33459
2501455
87665
426625
3692
21535019
169871
2029176
23301545
18114142
18750
285011
13041934
3124249
43908
11466
3993839
545951
7942786
17312201
52823
4701550
1896346
10400407
386234
294047
46674
114184
6528
720298
254308
198332
18167006
6496815
1849
154423
589979
688191
8534799
7824997
34072
39980
16163690
4516
7135858
15054
7849341
605015
4591
53580
112675
27526
18114068
6512140
25807
6555517
9530
8293938
77103
10710392
21853628
16279856
140278
74036
18373214
140078
3304
2364284
68497
23225
28553
9545064
18646
42692
11391817
1330324
99245
18005
99208
6323821
10115852
9376345
78970
469901
16093188
16124019
1225261
207802
4703450
210404
895886
178788
1013383
359
250024
18667307
352262
6753
170619
4758093
6618272
43993
22680
11777020
93793
243598
22910900
1933181
16131193
184419
764903
2198274
112525
30243
1297150
1734639
228534
16062210
41951
16070018
34503
83539
11472
12611073
16248078
8296140
18295852
7991200
11254850
82751
14785
8320534
31140847
2880715
6120349
91247
49596
53413
9635495
25689074
1207904
647
43927
7748
764434
21853633
223380
53926
6449290
4031
32523
969177
29519514
16054811
9296438
52640
170650
215542
11227040
133486
12275680
16054808
17208
6926176
97860
19707
13986
424
43917
7285498
12070846
446
277191
159582
13561164
6952423
11077
10445208
5158
59819
8968
291356
24452249
33813
781844
23346918
827412
2833172
21681
239103
9917945
17201095
268604
17316075
184040
18668066
8088
64857
10846336
22611920
14069
2368
79426
92160
16116760
20309175
20509356
18616975
659388
66370
28407
13573795
11076177
76740
9578590
199786
693172
25644437
16122034
16532
6202556
3678651
41707
4070095
651260
138397
6277410
13066
24818
3253215
13154933
80369
215631
40168
569346
68531
12535
62212
13630171
84133
30002998
96081
248470
18404285
12925063
6918909
333907
1491906
43915
183554
100933
18652002
2458340
18884
22674105
216304
206195
15793186
14362
9913
169211
2033352
61264
7963208
27530
9804
11450360
18468559
5367
7519472
68453
11382346
12384157
16006
525995
341735
9827912
22543
133445
17977
18584855
128092
39026
9397967
97898
263179
105548
17831616
1166131
327242
38412
161361
8046350
18341046
49011
86856
19797
20257122
98405
7797874
18336965
22693211
2272813
6526
588138
7713965
8964
15811496
47956
9265891
18142329
31342
568592
1951125
43818
52873
30226
31176886
139254
6359434
181116
17231976
444381
9606002
310272
64955
1402668
822
11275323
17165932
24940998
13821
194755
102461
21727
3188186
428
125926
77504
4006
19561922
6665671
256598
395851
112755
112752
25307
216377
457264
15703770
28481
4987
156532
3973
22554204
923950
1774836
147602
136638
6393972
1493253
132778
77773
7646805
7679
18337259
6087756
11437
26999
8318666
534255
22465597
141019
7355137
7528717
80616
178813
234489
13881
395182
21721
23846013
276342
5168517
18775365
298137
5422154
2202230
840278
25776122
612188
7121598
8533018
199785
10706934
26101
110387
89959
103902
31072
20894857
824734
20417
43049
23224
10767466
16059
53061
206731
7973
175516
4415692
301022
5872
18668485
133729
17645
6390031
192341
167010
464260
191117
22358
93731
2051840
11376
20829994
16178
10756240
5764902
23014670
6726595
59825
6559316
228765
147843
61942
18079683
64860
9628743
7140754
61539
44001
28220985
43327
255127
30672
8341567
763047
112292
61886
80534
114187
6472451
6489529
199687
134360
253106
12194
225545
79257
542752
19747756
13638125
41706
45432
199782
420404
13628812
19661
132900
20803962
6765740
1025250
13193855
430968
141372
11208
17558817
372319
29430007
38502
13505130
16171272
24963
30065
321645
18053782
9975779
501124
768878
35816
84525
7187395
6619499
411527
9943270
18263725
1464757
139087
9792287
65684
93795
24475
48019
23093359
17797381
988950
343614
16150831
12637490
280277
568476
906541
328802
22055283
10669
44905
8963
28695
140097
337058
7134201
8230409
23587984
147801
121648
9265453
15752
3581
246225
77281
13581990
238125
16090981
166562
618177
11737313
23223
231585
25430584
8044557
617526
534733
2879
35488
115130
13067
781787
57951
13530973
16122163
13259270
24529123
793399
2285777
13262061
7993
5752
866136
5135798
104837
303472
7775611
169331
10677277
28212
17930773
1928873
21719
11266880
50275
53969
318404
21412400
28698
17204860
3656
18656055
32434
6933876
185253
71771
13330370
93269
136636
8966
9637479
77395
10574
351064
6554
260791
674220
104219
7558747
60229
13241659
455764
28251002
9436632
24494
48037
47619
82434
13345975
13521399
156529
2017056
643962
69392
181601
22326
6404621
3240483
6584134
12888599
538845
16068780
312043
13815
2195309
770038
22540125
13331184
38855
12924261
342637
144791
7202825
30224
1044141
4497978
21323
7617119
23492613
84022
23966
47076
28686830
30347
12408149
233722
12107920
17704902
52415
2845287
780581
30043
10836813
5198
22325
15803757
47520
10706120
7054123
27083865
2954411
159964
13412515
128754
23317538
13642963
5551522
56634
15832316
20958632
73095
2508854
51113
25883848
23746004
17673307
9918083
824763
12922320
19687
17707605
101249
42909
84135
10345937
13661
13517455
25065629
13533740
16360
12013
5175
257990
17333431
21027
3342764
459064
17324
7202841
180463
112518
1756703
133394
10889279
9682816
8952
906560
826583
1406197
40289
8694522
25573977
13083008
12908877
11256979
35332
13521299
3106441
18754961
687215
6539596
8428195
12867423
23875
6194
769212
21856367
316558
4630
5062
18363068
116257
147243
15803141
13125234
13547241
18172471
6474550
89190
1178039
142080
219919
1603923
16158508
19286623
862350
298568
56465
7124475
8229399
27821486
49245
31313
7129598
45967
6871646
7640705
125553
142900
400924
22522202
5179
25814512
7682
59889
297134
13927
41689
9581001
120231
18331807
32767
17781
3373198
98807
39045
102958
22733729
17961
266607
270521
6905534
43924
6934395
84146
522525
13765729
10577
198331
49234
2830067
760168
16096514
8429687
3675828
21722
142292
138395
3300
32442
18295858
15888
1499340
61329
1881621
43926
76688
5130
1662160
123933
324748
11566956
1433337
10762697
152695
12043770
28635
21569527
4373
11166889
36076
43342
43255
759900
96977
571555
178599
263171
529626
58890
7785194
11450591
3381
10836
24766
15745371
587666
1113545
11915
3112850
417780
21064599
114133
17557913
18528190
17201104
7128341
1409344
22457201
172691
7053
8296
9293020
128757
19351490
262731
11262424
72659
8437913
6340471
281350
16280678
2102600
206197
5289
24019
23308084
23164927
24586590
56157
4789801
7352220
16043804
8477057
6357022
6282753
28815371
406373
16172634
106131
12667194
8130839
16297
13547289
89551
16363
73064
30852
327194
38503
18115061
478894
23492661
15802944
736131
3094593
9748274
44644
2570856
11431896
19674
61958
437885
102957
40158
16842
13529055
312050
30831912
49251
107774
10757771
16102880
59813
207034
20800147
6294553
15944406
11057626
11277218
12881141
23129410
299384
110385
18304322
23533039
8038219
11563
15762657
28184
104734
31244
531262
95608
6532496
50618
112756
171020
41950
304
27161845
7203690
97632
265205
39028
25733990
15795628
47720
202292
250729
550720
21853645
31331
13060
11553
20563
16235
3181564
102525
221059
32437
2714607
20697471
18079527
19164
7277715
13586743
6609549
15801668
21340
215540
6820
3384
92227
16200
938544
1430213
994156
23019294
22889767
18210706
169959
16248114
6609764
7011403
18035
3359940
296942
1316382
6371117
13134
444347
53834
80630
7743783
7905977
20413
9914
22054340
7202829
7469664
20587777
72657
17262540
26085
10866624
112520
28859
13477819
11765920
10450750
18819296
7911
3697927
8239301
334818
762563
21329
56899
31312
900892
7129588
16152943
21796
3870943
16047244
76659
65217
9712492
15447
94804
40470
9305362
40159
953260
5548
7146335
77735
805023
22027459
8635145
192892
92250
1617875
330721
8725
138134
129621
823411
30005
17860217
204041
9509289
350684
785454
8407173
1963638
20893314
6373717
107772
13525938
18736925
202146
782854
13555073
18594633
110090
702539
17302495
113441
98685
4618728
172764
107821
116054
13580951
6571723
107664
20575425
91203
7817785
5160
1876770
6266907
2118114
423156
18774981
43037
95784
4005310
1627
73080
17934416
78985
48318
15843166
6104943
32429
7937744
7785207
330947
20299683
81903
77161
2798094
21420473
18774020
116295
197512
25131600
263148
16349
15808287
545425
12547098
21849362
920143
153865
12204857
18077875
16188
6670
15717721
16079228
16053316
30658
17491
17286162
16204
11866694
57605
25279165
229145
23217
12072362
12706435
232577
7663
16045140
16096873
28959148
6115138
12119529
79649
7717482
93723
402015
348
316445
14280
886066
17825503
3103
10402992
52350
161156
6426
215541
6528034
317504
11410430
20706316
233637
369110
13390528
1317181
97862
8935153
34508
29367958
170632
487445
106128
10865206
279561
21720
9647532
643974
5809
989313
472025
23422
608216
25066591
326272
18209468
110396
10852027
303460
22322
534289
153492
10252302
48484
17674991
7619398
3080212
16619
43932
8951
16081754
4313522
13281637
3276012
30512
77699
787660
47881
18825
216131
34871
754713
761575
244572
229432
2615008
75020
6660747
1096390
22911
831829
197459
9666241
11045709
300226
93726
1566053
7715664
10238
16114861
26158341
18077752
12958487
6609714
107776
16316
16424
23346719
15743078
10314376
7176578
885744
187049
33426
835623
17925397
8139321
3763
11873368
584637
11861815
25142924
23157777
127515
824508
22381892
8686068
227778
23965
106129
13603717
6455256
93797
5111039
15018
24728470
91440
7932146
669570
26025989
8447255
13545345
7124095
105703
23929479
1897
29397
24709327
7719355
12499
567704
53343
134353
22026
25776210
34312
1422926
2696181
12663
141828
10637748
85491
17729712
180426
13170596
10428803
92307
4652
25078
6605625
7201
142540
18869967
428042
219535
24473465
10431447
9957
28507
74812
17560674
8564644
968403
29610595
954303
79834
5585788
648194
11343348
109901
21060
731804
5936
2872
194086
9975679
91582
18105011
35354
1107001
106648
460635
295305
17608111
15984268
296125
6735082
73084
639787
12331767
18304
110890
16685
32438
38505
2999282
7073
10618
84052
238141
46114
280410
9724798
8574333
243298
105973
6178065
42696
667234
316496
7058
827685
93796
11201007
61903
71292
112872
16055475
2210921
579143
111021
239388
34760
144792
555500
3858
13272498
6931246
10031
18764826
13337715
10517947
17989312
17488
675905
70489
282425
7841446
28923
17833099
6407014
10836810
58894
61926
23714532
91989
107789
839263
58893
480570
175242
93801
217376
10869746
66683
26131641
18452
34310
96884
204779
7438179
7100490
1754206
37398
89369
22193
158516
427920
18656036
125423
393146
155421
905092
84054
676555
7640261
37451
6609490
835202
12021
46661
68380
1003761
79879
48758
21328
20761374
2924318
23647129
16299256
18775297
44133
3437328
19536001
31157
16070143
6495359
20443235
17377032
77449
9762
11824
31538635
48811
275245
35430
23743603
10401084
9462775
16884
7979073
95607
92254
92373
99219
181206
782580
30008702
13619
93371
243601
40722
47620
7963189
25489012
15942636
1753714
63832
31181
112200
219499
1055617
6718608
9394010
23602473
2795053
13605723
98233
16045855
2331954
15777621
765811
23017947
56480
13406425
10131648
429883
22915460
12712435
6750
5082599
81524
17331518
25251757
119829
384597
16130986
918789
24870
2272880
13097901
3368
45020
13183957
8100267
29340182
47959
21518647
8419428
123170
767307
13337716
386421
6224895
25657
16315
316845
82780
21412673
95693
4279056
15797722
102324
63432
21683
7701275
16372
6481245
196951
11988046
39795
23209924
6506085
342240
14404
368772
21943246
55022
851393
13560262
237665
28862528
143761
7776678
72978
3099780
125564
78989
6344832
334286
13817
17722973
23485372
15746
7491418
1395209
14165516
246468
2897258
313620
4332082
48834
11104933
7907680
9424367
76660
14964
7628
28484
74821
1129315
6907672
96472
66857
22454958
37297
11512688
263172
7519640
8563789
14963
131304
107007
83083
714711
10551947
520738
35210
985386
79428
432020
15849910
45110
223462
6193821
111023
295649
27220736
11981168
109367
147941
72929
129947
41710
59715
343881
179735
12839
25365
543086
17563080
17334079
92871
17333302
12527
13878
359581
12158480
24796
49322
102956
31491
35805
8727466
410445
95395
29036
79421
18693743
6551
12792658
95747
120840
272264
5755
20312459
780845
12982393
10549501
128711
2176873
7432
65091
29034
5599692
8483233
114308
169718
394469
6937878
998133
2642070
17333277
11324722
17206
7405450
13490570
3223761
146064
138070
24631990
6534132
133906
12507214
61905
6612005
8949
30036
537375
8112318
2617684
18285151
1169808
26200563
9838800
10594929
14469
3885
17688
31335
7849034
7828882
460717
66655
760941
10433900
7520
568099
6338619
46755
15733851
10256723
35233
9680114
6621143
68521
7352053
116563
16326
7313444
2197227
7332753
10507
287633
5369
8598554
82356
105760
25613617
19000
87745
31314
18667817
26154406
18211536
7968
682751
12755792
139569
18296030
23719378
18209290
899608
12016
8354134
17317675
87632
18007532
20897517
170651
80672
8462184
905885
2754510
9674335
3347892
10596724
1476261
394772
14461
235773
9650
13157
160251
20575446
4352708
388223
186103
393145
6600807
367802
27070127
13501
15742039
10305247
105574
41490
1316617
239105
253264
23316
8535273
18127101
6464094
6386555
285500
550454
25372801
13516846
2915
13929
217433
761023
13502963
5053
230003
89160
74033
15833693
157055
107778
17834904
616828
17860739
22207
14745338
716696
12383869
13538992
7389
25295
89691
1027760
11166890
47618
33418
74169
8177526
32127
905382
15733523
250
920649
2761356
840163
13374
1729146
25813937
1291211
71784
1747182
4703427
17863
23209971
164719
6460331
39796
15828714
12143200
18222699
48183
32445
15047
206236
25817162
17285883
6329547
89731
15698479
24488476
148809
6471550
1317696
11256293
1875
206193
32827
27525
10677213
295132
7853757
13531832
27002
7531
11801463
18730158
56912
32456
16007855
394228
129617
17332207
186669
3097601
107896
1563413
7184
25114548
447
28483
102459
9917879
9644151
22669832
781498
13526026
123063
140524
17159011
1051620
1337448
32276
142079
1303564
375901
7059135
17346698
218659
1746470
45234
8242117
14082
28257707
2579284
698
12360050
7145565
7979
458034
1009996
105986
5849
13708346
8649656
448836
17228280
6966823
11488123
42547
522534
666758
104160
136640
2137
15752115
28759
28747
9739365
190115
4955
30292
26224667
79121
18982011
29519517
2493973
596259
93802
24504274
25422234
9439989
10169662
31268
103159
262228
2820533
18282915
25403
228220
71864
18869970
70509
8677937
55354
24815
46349
51370
213975
60211
13069935
20499240
261689
299215
18800655
18076876
41502
12468
15755201
11359
837501
13093001
840
227658
392431
24937499
129616
2003767
46012
86172
42631
7636774
18166936
17349163
12171769
7307503
264778
1722717
18687079
12374
2336803
214856
18228202
16071736
13168
13640229
2142
27213121
434764
10586539
25316313
17994
67513
11286
9858714
815150
13331199
353342
76667
18461986
79006
7657484
11106458
609035
60223
17174
6294549
64401
9279734
6617185
4499214
127451
40482
1587362
20801166
17349222
7278837
7853137
22151696
114203
434535
64895
8167094
38723
48862
12415695
6452760
3009435
825
23675858
9799572
16335
10808006
14295
13523061
1085771
291364
175319
12663646
102955
6356190
773480
6574542
483445
825377
6407514
34605
78728
381489
2678349
26506
337116
102954
13425570
11233988
239109
2983489
61672
25671861
11469379
1126719
18813530
391724
102327
19312
15793165
268598
262229
17524166
1373381
462684
543103
32453
2033217
25733983
2157243
18138755
130916
272607
8948
84927
62485
12753231
251964
12542
335459
17831617
12743472
1398034
108385
5957702
6076387
8593026
929782
68455
1632833
27810589
13227319
20348781
13020
159061
6606855
15096257
243308
11666
32426
519933
382450
819667
25802884
15769463
99955
18054175
1605034
3759
371456
12988089
103035
347143
30314465
144127
17329041
22428828
35125
8805443
13111733
17333171
961833
6678
517344
8752885
402128
25106926
18815695
39792
16012
4485966
3122173
61906
2501453
62103
295834
174845
228992
203288
23168817
11806716
9489502
32443
47957
18134894
84844
153007
89185
6791212
438024
1432370
8315872
17797253
13070346
11908
18221931
47345
10115
10503124
18339630
18339743
513367
62571
9798177
60929
164323
3344411
24934065
21618
762064
123632
625554
7955881
27276262
3447
6264710
12677913
372385
73100
13605727
17452179
136642
17977710
8356487
389827
18090061
133241
7198269
30593
76661
3334563
537094
102030
6696465
6398972
93157
23281640
17232261
280366
28568
12926804
324737
12291438
16131072
23355069
55352
8696
1653655
15786110
15832932
9528186
10429037
18667976
37338
47878
27406436
22055280
51985
15451058
7696135
6609864
17830559
11227043
342994
95643
24611454
13425393
16342
15786792
77995
84786
34057
168571
31333
25527908
809849
13618
11309018
15738951
10947600
23398806
15513156
7830126
16174197
18405221
404223
249042
13057939
9858488
6611038
123845
70241
769016
294951
17607848
7926
18114057
15560
95420
27824826
40320
291
14889780
13109291
539904
87220
498835
7778609
100247
12383252
10775
1333030
22875
24816
17190226
17985262
24476
795034
6818019
43798
18453074
150720
121581
86525
15722284
6671
140091
7926242
672948
154795
144800
27904311
15771862
1307
13547504
958277
23887
3276637
13330771
12444297
3301759
104086
7909
2020935
1474628
18107951
269746
12614410
2095583
116114
389763
81176
364089
11995136
19452
128755
163363
577542
2249196
17345242
110386
454236
17336849
298730
20912424
125662
328907
207684
53064
21874813
13258
25293695
65399
229149
10897866
33820
1048645
383514
12288282
22381326
10813469
15729261
886512
8269450
261604
91201
142395
7685763
15852479
894072
5093760
180930
179142
7863274
845403
61904
13589182
4986
3090282
138069
26123
7827221
563887
155106
12125
112751
28482
382680
62012
163465
32807
138872
91571
228221
13514612
16218778
5368
8619814
28390369
42435
1819632
18667779
363851
216048
20821159
6464937
13614836
17158513
10970532
267243
6621101
40580
23766634
4893390
63689
13117308
22417
101869
10867
138683
17831619
11381910
7998
543873
1191
185012
675614
2141830
22609080
6589074
13415554
24965
30334
45260
14481
790171
15815364
15852
33770
10866233
19534
9484114
13167796
11389341
6672183
1157452
11031
576570
4662
397466
77787
25507925
22471294
351648
17798233
76527
765148
98048
270435
284698
11595276
1967070
2173611
23602561
25937671
13062
3750
364550
16900
17533
18718848
25228579
82436
17257993
15813668
416580
12813860
17571466
820480
11339
18316089
110393
31538614
9454
17257990
479561
9995135
30226723
6345193
5557442
9266810
13042154
4507
96082
25817493
40710
9864913
51114
54492
8349348
18089551
456
15157
171471
308540
136641
28016509
15673
11279
4961959
13064
16076787
366346
16071767
6681333
175324
390305
15737147
7981
11107244
821003
22367526
370057
1244286
364826
7907782
28374062
11808919
95619
31357
97875
268275
2108198
17726978
669780
24100
396266
29923
120461
46676
17768
2208744
730501
766917
153782
18878
359194
6606456
361081
17835766
23197269
238137
116343
303454
43081
1025039
5553
688663
96980
332348
194479
24807
31538647
19314
7189177
235127
23602504
13282015
12031532
16066586
696177
18775203
94813
8492
18602341
313263
20613761
16387
1809175
29393
56353
22009741
80834
5055
18775284
22192
407999
255458
380976
25855506
301538
7841677
9917998
13574417
18806240
52471
13069213
90475
5587960
27883214
2179832
2267195
85391
12752313
7531478
5941079
6688121
129510
541920
170618
30343
199530
8706185
238127
56616
490403
1908456
239107
29744
9366879
9512985
16248139
7200351
23363928
551536
12659
95707
6871737
68483
8765461
20706269
11623
5986375
5552
8835897
11919
269386
2964700
179264
6098691
2983654
7011225
22321
7562764
9925913
12075
215492
107021
5600151
13167062
28351
17334495
15801381
77736
73965
1219103
10324808
7823038
16300
212525
13419891
132626
121410
129620
13148921
95658
11734251
9151181
978098
9013
682153
20983362
102857
18666006
834378
7011879
184850
12009
192510
22642472
262545
16000044
18170134
12661
2430
197436
37100
265650
298663
588747
2528
60057
7514925
11430
114982
319300
11983940
12551077
26114516
21330
82888
57913
6420846
16696
7010683
7870457
452244
86658
514210
13642710
896622
18080923
21412360
11532160
7840156
18079661
184644
7290826
10813480
439363
148584
17948485
98
59836
11699349
169487
8951449
7942008
1298171
14480
11324166
112874
23158207
20559676
10893138
821000
3665811
16045078
14759321
7384801
1249630
23252517
29975458
114188
17191012
99297
297186
10960383
15733346
89884
5199185
2122216
6255949
24408
23426
27397
621739
313256
15791403
208146
38030
294043
159418
144789
9064899
27868677
73184
1170158
17325147
7268995
18651980
276877
43992
59091
1747896
425377
60177
2371
3268926
16074748
294045
3216451
19501672
15743075
13580928
6562380
66676
31304
3379
867387
12029468
1457790
1908511
22551809
23884
60142
18599754
21489683
85993
17800786
323289
6692041
207694
22892122
16479439
89184
17490
171001
30919
85622
19631
26252659
23207027
6422680
159177
12846479
9443405
27297
50039
5148720
4714126
20613920
625094
22469
397456
285212
37303
231989
70287
7701043
12037026
7825557
7165405
50695
1300350
491735
395875
70912
6867952
7519866
22296542
22021611
22931009
10778410
71863
181077
13616
77661
93799
26097
20883847
11041
6488483
102439
23122175
17163514
104159
4107256
24903031
15433
13507011
303098
3331756
13811
3124122
12722
126151
12482658
93276
41704
4488657
118389
17567
20426917
18739485
124272
7140220
122649
33335
759960
825509
47667
17182421
356824
18668059
197457
18870159
347698
18422
363973
6076768
556629
858514
2992061
351559
851678
22571699
820273
141077
132688
257257
276289
6801652
9549
14744381
33449
23245587
452235
23419
17167042
17412188
527862
685401
111126
18505836
16256798
20980373
417524
511527
1301153
290039
10374638
47697
7006562
28802599
28735
13451
147844
4102763
33732
635083
17167572
14014
3888
24093
26722820
8573642
6419887
280240
17910048
21437200
15808816
22020052
355
12081467
166580
11686
26061591
450573
31555
129523
25065522
56919
24041443
23341894
55095
25017
8689913
2049993
12675109
5048174
8643220
64666
7469133
835495
2998814
339026
815158
23731881
17401198
6145711
144793
20797535
77368
13634927
21843117
13562054
13037558
19090384
2977487
241936
48304
522471
16061734
7025086
39926
5031805
16150119
315578
2358737
825576
2183
7775841
17455541
1242729
16301111
12027429
11889938
56066
13925
84552
17407233
88514
15801967
122211
877752
1173576
114152
84351
27999
373925
836984
12067972
25200
6609758
238140
173572
6553733
29072594
23492673
153792
114128
215643
25953369
20995
40217
13497991
17661831
20878809
90078
16307
9266793
28698036
952
15904
238142
133954
174879
17201110
16176
21956060
1629007
12107925
287380
21457243
22674493
8664368
238139
1219954
24271
130119
170641
20821299
155981
4950
8646
15728921
588234
13152998
28204534
828015
16000980
10765
18635039
66933
41698
974122
58728
20174424
512475
114701
33723
21025
160830
36159
13593526
752994
44660
60937
9542259
18892134
2948832
26721568
28686840
12357
13593553
126061
823412
20253
2992069
6282334
46913
38739
112693
94807
12254379
140345
13065142
22402972
13414594
12926432
116445
24859245
113576
27213163
94672
39032
64960
58547
17333279
28703
267972
3673357
21324
41962
184324
10822174
138399
59780
60935
190999
7476122
175113
33293
153781
16233105
104101
162086
18340482
350065
4618898
8008928
15760
226858
6647312
26581
94510
1116393
14358
10757806
6324903
25337081
176788
161656
23341862
13003565
44796
27419654
23753
13184992
11831
763429
16299991
9998
77298
25005214
22418
25104491
18163646
56594
9862761
9429531
12107927
10365343
5981872
127712
6193
16948
20438825
1776251
41701
18892
37302
478657
96594
820956
25828204
27864391
17675031
5481
40483
45106
425124
18799585
29104680
337623
17835351
23221
7707
22028
12157365
265264
37187
28734
11970747
527744
160848
13614
103111
12617
19307
12923
40471
16175040
40992
23503361
10878
47730
11830394
119838
6287290
1011359
176326
1206073
4830
8745
615921
16117182
4076
17899392
107029
12878300
7879278
20890479
15559
116053
4808763
52783
9654
9349915
4765642
6694
17934521
671724
106882
289601
493455
22693231
78971
13105527
56913
204045
347577
16056862
29991719
6239873
31175
9815702
4653511
132391
207687
330760
181400
419103
16341
392217
126066
236056
17233800
7993566
65336
77786
6449422
20439328
85989
341281
17934385
4071018
419083
12968662
3064985
10395
45974
12791521
12475019
583924
20980959
7940589
32349
4769247
112879
168814
158988
1233478
171624
158944
3240691
7862725
27208
4285768
273512
13522957
87424
9998705
23453099
1566705
770040
18594594
165053
1918702
348632
45181
18387597
559889
23299512
8456124
5628753
17838528
43799
6654104
13239822
50001
12449167
29008738
92845
16076
2296567
6688087
721003
39799
825473
29430788
138684
76179
440960
101255
668710
9962040
577283
18931
1347837
9712341
25056528
7081
3291
7579
11821514
33906
18108795
23287179
13252406
504369
13235689
18404093
10006
40526
22027055
1022866
539282
78629
25663717
30636
5771014
18693753
23745189
16396
534415
6045456
7908638
68496
13617
10532477
18956
155712
22886113
18090147
7116709
17332564
7062
8720917
343718
153783
15823426
3757
18090150
74862
74406
2324124
7683254
41958
9529502
12546674
824318
21473305
12988016
17910544
61834
6944566
13061
6303733
6634409
10108463
18111281
252938
11690
287655
1990
71870
6251012
133488
5845
25852784
13565676
17835773
21416690
112322
9526
541341
3130430
3700085
228199
8343444
623976
13163846
2068
68452
244102
12926132
22725443
386142
21414439
4813
13513205
225343
13528417
92375
39801
28485
52872
12073
9915707
23545800
68524
21518679
18246727
579696
294044
29484
79016
53200
179033
8074967
31795
110763
242157
841973
17570105
8712343
18467818
2176735
164723
104737
40271
17262236
511240
35476
6326920
1050383
252999
107017
13112023
2967316
47944
2637138
6506307
18191814
8389671
42407
13623777
160194
372384
3972
3872
23398961
71622
14060046
10790276
6345760
31178
23289
5607622
16150996
7831742
4946005
73906
13063
18323154
92956
6751356
3556419
26661
5946
22131009
5559
30125
44559
77477
12900491
11237412
28760
25773504
10799881
3698601
60471
133767
7824768
16158527
13593555
251665
151926
682793
208036
15793231
13065
128940
6763961
351023
981463
125502
4212386
11133791
2747288
17569860
7980
4224060
24611425
18752959
17443673
2159007
797094
92846
676
12924253
17970255
61909
384457
6493321
7992363
22693222
17455815
16127237
11864728
80890
231560
10844125
18392
6080889
11229
13417946
103815
13502970
769658
129565
43352
7521400
12349
60925
11665750
401876
18045473
22749539
428862
70561
270032
6080420
592089
8158992
8105569
36064
7124101
20082
2530
153136
23507745
599090
6021523
331695
71458
43797
9266769
142545
210243
148769
7783191
84842
608906
1833852
13531024
4924862
23197346
29103028
11436
8492907
13597723
87425
39798
2073686
844051
1015311
19049
15954540
891812
22886868
54620
115476
13333093
13621
4345290
15767586
59142
19552
82991
11387392
7906105
1211904
25624089
8046680
394683
15806231
22929741
502295
25664459
29925715
10421530
920780
10518423
17667561
432
87264
7264206
773514
2152871
39933
12040447
20705702
1689469
301023
34548
1898916
1821187
16248196
1296415
13601550
901680
48697
9677870
828483
43929
724371
95661
80449
133017
10604115
25451852
13007638
21394850
62032
530793
10659536
489972
18655937
13363270
61665
6433836
46917
78408
194618
25663888
11757975
7940591
31271
736376
29022
18039755
360562
192214
24767
3545387
15811520
93575
17158532
18129852
287861
10399742
6659254
204479
776159
232958
22571612
616318
10084
295169
93436
587638
9476510
129984
17936925
15818333
531421
9526658
9670094
60932
16164271
56674
1034605
28239
653711
13546173
2865944
11099729
26072609
23208397
644655
12019355
792938
1862313
152662
15723286
22551743
11432
16256
110871
10209997
17557143
28965131
129798
77427
665
2449962
3479967
6928893
15050
6674372
1158706
10929432
251446
10506
25332115
194870
1275105
280958
3115070
385255
42641
8643407
6878614
214333
11737387
16077150
12022496
21530229
25222064
31194270
751635
16065538
28922
1528410
18052985
25176
11714997
2372
26116430
17978144
2187270
15728721
296264
7997069
563458
185289
7099389
166101
109499
194808
95659
4660
6150530
769712
198511
15732712
78960
16248223
34941
13096848
23844390
266765
294613
254799
3243517
10429025
18889
15985392
829313
816752
6303704
11985631
2230284
11851522
22431039
17707654
143513
107670
21411887
40313
3173125
284195
99218
99452
892295
18693621
8793878
760205
20768868
441618
132609
25772000
78674
2235597
10868182
122212
8369681
13074
22175
760110
456057
16299341
46460
7999
14028
122574
66470
893731
17877
342667
1045757
47922
20820995
9893355
481462
239917
3276072
22304
12786
12598982
1667423
50453
37619
21531503
8575295
13547234
17406847
31493
817199
13051316
4599
436806
4609710
95144
11446
46201
8843801
105189
18079757
131830
37298
24961531
209966
17926775
13167847
228194
43345
100322
32636
789559
17166702
27423283
6452806
3760
2978
23492288
349929
47701
23232
428223
7507908
6713071
8701960
96642
278102
19001
2049
15985372
12390650
168569
95602
198863
25052
6328
459386
121715
114141
241934
23355896
296298
3762
239509
1251032
41918
16333
24465724
119247
1891296
107773
269795
6855294
170529
6691426
67657
23885
158141
22420
15762186
300905
420739
6193923
22635858
925367
15810910
246546
23714544
836606
51364
33288638
13658
6497645
22535533
82397
774060
80631
119239
18089975
3925836
47780
762462
422452
7897620
2677
60551
85679
10357792
1210754
17570538
7203669
12065943
10306358
2067
765427
8142508
15752757
17225311
25148
105744
289695
126583
833550
17255186
17287009
10508526
47304
2120783
1823
15161
8281069
22609522
621
9415951
13153693
227570
18404248
1331653
392563
10801027
9403947
18213403
40293
32529
46292
98250
8879121
32812
72148
633270
11784281
125542
28240855
18071296
125540
6055063
17331828
24473763
12878667
116356
7818881
149621
4059448
58033
373606
21795430
1931915
331701
61915
21873331
93808
9865
8584913
45760
39664
8570787
121792
162823
2508164
18143968
2147714
1268348
981161
6678884
2983562
32428
891593
300044
15818164
18110808
109520
9757266
13030356
8087
4339
8755555
292740
2474084
43357
6922622
402017
6457229
86524
24903919
116236
6344423
46182
13580846
71869
7967299
18906484
9182478
760025
7831145
12063467
39916
2437710
10090
10161216
24929
239239
1503274
72003
5942
268559
20603820
20706320
21483760
12583975
10378106
4099
1421046
25877663
15762975
24724
3710603
29486
3491072
24396884
16114862
18310201
975119
43780
846066
12710035
94299
2002
395220
13226173
1376220
16061295
17465470
10364994
25790
7234828
6987558
320700
55018
6389257
348564
8070049
734542
23719479
9592213
38529
12458287
237114
65070
177515
473623
24189224
896623
13809
7199667
2350129
13316328
355190
450836
227492
807968
144773
4261
32987
581125
74270
1258121
948526
17181905
4566934
17348985
13620
7736086
13230263
57736
241387
21913812
10439703
18781540
122781
13649056
105687
15561
467032
16279715
9553503
10870589
17504320
22857396
13170021
4364
831470
10105
132314
8286216
31300
59882
17707603
43841
533675
13573419
15768536
5697
900070
502406
106859
22995
9065265
23960
17449197
18161265
129618
62479
132152
7614747
13568619
121809
477338
5417
1541884
9329354
6517407
7252
85321
17333237
7261549
228198
111306
50750
17192373
615233
531197
8803932
14781219
227590
765193
110692
44543
60220
11235783
1087205
37377
11104030
20886354
22895264
6953500
22600903
366337
8257435
241969
33729
17801
27298
15059301
99461
44360
5556595
302998
11544466
64949
25837338
6452731
22608582
6916963
6505109
33726
4016515
393060
349129
14367051
54120
5996209
697210
543505
76668
13543138
11318
24761
127249
2854962
38548
17727276
137894
9854
11076123
15655
13132816
22040598
22504701
160988
7296271
1105093
21327
98687
15836
15549
376613
13115995
5291189
300650
9722217
71984
61794
25866725
161846
20874139
2306910
7894870
19156898
988170
298816
400
18990
1593623
16148938
13105
820394
8172
141935
45369
381787
16029994
61505
8542839
836611
6758423
762134
6630751
109515
15902792
152402
24938
432283
68530
275247
16762211
11350430
12710106
8288246
13237327
24044596
44399
3015764
8526694
822989
8113940
443540
52629
18080889
8089
6433344
712807
7090290
17853024
161415
25666046
64732
26214866
16130723
111220
1524
16280689
31819
4800764
16136599
21086818
33356
126185
313267
52367
145397
95708
23214408
18232495
10541
4887
827497
129327
645180
33144
11429
5068
51715
13270
12737118
20871704
394841
11306
12002819
125959
60080
25614598
541024
20318201
11996019
426030
4633
359461
8163161
604635
8110748
6261270
11324
12039943
11551045
28262024
2358870
11913681
12782865
62233
28248
12760903
763594
330944
6049585
85425
55229
7159016
595822
25893582
561403
263149
1111600
26324
17903381
8437379
289029
659546
10790376
56466
17973653
155370
17673271
10803806
9166877
1820716
122756
72623
91017
71823
170171
5618698
31334
8449698
8720415
107781
12959045
107783
23245594
10295484
7987
646195
8152697
13152668
914211
116982
7828781
106124
34451
11738128
20575434
207365
200963
3419808
6911529
764073
17254035
37296
192888
1176884
40136
29906980
7745031
12021559
38703
11940384
155291
41069
6261477
433035
1070527
17478
643988
74997
59887
199532
42691
290628
18580
20168816
24961498
23357188
30253700
8150317
8100979
227280
244115
15799151
8100288
16704759
1468706
24040551
8471815
13659
16171259
11239856
25241477
313998
513176
457457
550940
74034
61974
153175
1153709
764063
17573684
1175893
35539
92371
630621
134958
571508
10008056
13151283
10049436
112517
9399336
125958
20662728
68099
36058
71787
5052
429024
73860
46908
17277800
18420
87280
65113
11445880
41820
5024334
105920
13519844
20646604
85310
16312
29236299
51740
73960
53809
10599302
1866046
388018
15818278
89370
21433251
280125
127567
164836
77866
10720733
15776904
16084702
8710484
20821249
94064
1838166
38562
13722526
114143
68930
9260507
239381
835155
221298
89186
13056511
17285330
7780
25347
26228034
23363874
6280379
7262166
961831
820517
3690427
6054190
3692151
4530
8857310
5750628
7199
17810
6403690
167216
15803037
7632329
487666
19523454
232268
400881
77739
10859509
22571696
11306337
139176
96259
179565
6159
1056627
18781543
46906
8086216
88072
15707526
581552
6344534
91439
16041169
481743
576666
23460830
21535784
30839185
18266
93453
23566909
9532302
19138879
54666
11942408
14460
857418
21857294
11605
5292173
19106
1624920
381440
603911
24819476
70487
11556960
1207980
32075671
16170625
6351910
16042305
12075886
4162673
77738
25955
96463
248871
3710
32848471
1372055
24902492
8487363
110388
7433
8411749
175078
86655
562763
97084
17342700
51362
1830755
9581507
25387202
7707538
9565574
6448482
69477
6251222
161275
76706
341027
17262206
139004
31741
81992
404562
400906
17339590
22571275
14680
18722887
341553
348489
562930
182683
3295695
21411058
420278
6330323
15557
12448
5571
831635
22421
6939939
78972
8515
6749
606818
28700
20510241
15820492
8765012
100476
6596542
20454076
199531
10931321
23289469
9648
15793068
22840421
23031
27207654
48974
75162
205218
337615
27170141
17352874
176892
9440324
85737
1422252
22411
89195
20505127
107172
25053
6933152
137792
179174
930612
21480734
94578
7904453
18453110
1032
190344
82553
836607
25801299
20252
6542645
663098
16031679
290882
18594634
12389310
1008231
16170522
6311614
434229
17487
8534899
136977
113091
772976
94669
7948945
17404452
4505161
2309720
10843036
10468258
7785
302625
15824358
25067046
128048
22474626
95660
17794657
18243828
171201
261161
13031445
397867
104088
17333174
15761241
23196
701738
586516
891671
13414599
2895896
94486
42661
4657
552987
153866
17950614
17934655
261083
27209407
13489919
484167
13068
3028
12042279
2025787
20329634
25817528
73051
25671827
94798
4837112
9018370
710969
3446
854252
15954546
934700
5943970
294430
20249
20575440
535494
20821376
14403
376561
21400356
13508021
1145862
50091
386
80750
40496
142108
5303373
109510
68985
19400
608601
52318
11410104
10088913
23014603
15764
325416
8113344
6954438
19286674
8428984
158446
43739
1335019
6081686
13431827
17671913
26599
2133827
13035050
18271235
23399022
818372
214579
23569783
23012475
15677
74462
267869
201145
18342283
271264
21418017
209631
82817
15766776
201138
7027569
420734
6801614
21981841
1098486
25614984
109509
10518110
311196
97408
513207
5103512
30364931
1422250
1350249
335397
7078265
245700
716944
22749750
359463
17257484
67863
5981415
34295
13151637
96702
12413949
130260
10111087
25014
72855
25711641
18079719
65633
352383
25693079
15101
24019187
71867
17235347
13360101
1099097
20685373
61899
36638
17563539
784222
31266
690955
15398
5266667
268955
10461
383196
26771521
50051
714569
4772110
64394
88442
2505836
78976
90420
61938
114170
1231511
55019
24480276
10537195
64794
226315
10165727
536790
13426114
12687461
11721314
511684
18367581
16158563
97390
8682579
10473214
503248
31087
22923997
481335
1365225
2494204
16081202
12017
27152124
9639197
655601
12977172
25813921
6395833
7257982
236862
625603
18680106
449
1087207
7914058
10009
24612624
714380
420496
315882
25912358
8702806
10196362
25809756
12989112
5053547
762288
11568316
99713
10092
228200
24769
86737
12522507
40465
33896
6614886
16128105
10940958
16182601
1197646
117835
37300
29948
13010211
18089900
8034188
53168
61266
16074758
653559
16158498
18943009
3559
21393526
263173
1824
23341855
2227371
76248
22062202
13129925
13065327
31975
6332526
7494887
13178410
127970
6872
52588
92918
17901125
1011632
9864
5295735
554674
23013953
6131786
12602078
4984
849380
116494
613991
6351939
202948
162332
16951
946899
106312
12444298
8539798
764165
19688
183092
8087038
129237
13489518
294081
101094
13616278
4936457
4769651
15613
7130616
208324
77431
8565083
8914
